# unix_time, cycles_done, cur_path, paths_total, pending_total, pending_favs, map_size, unique_crashes, unique_hangs, max_depth, execs_per_sec
1760601696, 0, 0, 1, 1, 1, 0.01%, 0, 0, 1, 2666.67
1760601701, 94, 0, 2, 0, 0, 0.01%, 0, 0, 2, 8437.25
1760601706, 193, 0, 2, 0, 0, 0.01%, 0, 0, 2, 9583.24
1760601711, 295, 1, 2, 0, 0, 0.01%, 0, 0, 2, 10101.39
1760601717, 399, 0, 2, 0, 0, 0.01%, 0, 0, 2, 10247.78
1760601722, 501, 1, 2, 0, 0, 0.01%, 1, 0, 2, 10250.82
1760601727, 605, 1, 2, 0, 0, 0.01%, 1, 0, 2, 10263.45
1760601732, 709, 0, 2, 0, 0, 0.01%, 1, 0, 2, 10261.73
1760601737, 810, 1, 2, 0, 0, 0.01%, 1, 0, 2, 10348.13
1760601742, 912, 0, 2, 0, 0, 0.01%, 1, 0, 2, 10361.79
1760601747, 1014, 0, 2, 0, 0, 0.01%, 1, 0, 2, 10356.68
1760601752, 1115, 1, 2, 0, 0, 0.01%, 1, 0, 2, 10363.22
1760601757, 1216, 1, 2, 0, 0, 0.01%, 1, 0, 2, 10339.96
