# unix_time, cycles_done, cur_path, paths_total, pending_total, pending_favs, map_size, unique_crashes, unique_hangs, max_depth, execs_per_sec
1760601759, 0, 0, 1, 1, 1, 0.00%, 0, 0, 1, 4000.00
1760601764, 203, 0, 1, 0, 0, 0.00%, 1, 0, 1, 9084.69
1760601769, 406, 0, 1, 0, 0, 0.00%, 1, 0, 1, 10124.73
1760601774, 610, 0, 1, 0, 0, 0.00%, 1, 0, 1, 10313.32
1760601779, 813, 0, 1, 0, 0, 0.00%, 1, 0, 1, 10353.43
1760601784, 1015, 0, 1, 0, 0, 0.00%, 1, 0, 1, 10322.25
1760601789, 1225, 0, 1, 0, 0, 0.00%, 1, 0, 1, 10327.92
1760601794, 1429, 0, 1, 0, 0, 0.00%, 1, 0, 1, 10355.68
1760601799, 1632, 0, 1, 0, 0, 0.00%, 1, 0, 1, 10339.77
1760601804, 1835, 0, 1, 0, 0, 0.00%, 1, 0, 1, 10349.69
1760601809, 2038, 0, 1, 0, 0, 0.00%, 1, 0, 1, 10351.03
1760601814, 2247, 0, 1, 0, 0, 0.00%, 1, 0, 1, 10331.22
1760601819, 2450, 0, 1, 0, 0, 0.00%, 1, 0, 1, 10327.10
