# unix_time, cycles_done, cur_path, paths_total, pending_total, pending_favs, map_size, unique_crashes, unique_hangs, max_depth, execs_per_sec
1761220040, 0, 0, 1, 1, 1, 0.00%, 0, 0, 1, 4000.00
1761220045, 195, 0, 1, 0, 0, 0.00%, 1, 0, 1, 8941.59
1761220050, 388, 0, 1, 0, 0, 0.00%, 1, 0, 1, 9647.36
1761220055, 588, 0, 1, 0, 0, 0.00%, 1, 0, 1, 9828.17
1761220060, 788, 0, 1, 0, 0, 0.00%, 1, 0, 1, 10008.43
1761220065, 988, 0, 1, 0, 0, 0.00%, 1, 0, 1, 9986.95
1761220070, 1188, 0, 1, 0, 0, 0.00%, 1, 0, 1, 9975.42
1761220076, 1380, 0, 1, 0, 0, 0.00%, 1, 0, 1, 9818.27
1761220081, 1580, 0, 1, 0, 0, 0.00%, 1, 0, 1, 9969.57
1761220086, 1772, 0, 1, 0, 0, 0.00%, 1, 0, 1, 9876.06
1761220091, 1972, 0, 1, 0, 0, 0.00%, 1, 0, 1, 9985.22
1761220096, 2172, 0, 1, 0, 0, 0.00%, 1, 0, 1, 9985.62
1761220101, 2370, 0, 1, 0, 0, 0.00%, 1, 0, 1, 9857.48
