# unix_time, cycles_done, cur_path, paths_total, pending_total, pending_favs, map_size, unique_crashes, unique_hangs, max_depth, execs_per_sec
1761220102, 0, 0, 1, 1, 1, 0.00%, 0, 0, 1, 2666.67
1761220107, 190, 0, 1, 0, 0, 0.00%, 1, 0, 1, 8420.01
1761220113, 390, 0, 1, 0, 0, 0.00%, 1, 0, 1, 9606.38
1761220118, 590, 0, 1, 0, 0, 0.00%, 1, 0, 1, 9827.73
1761220123, 788, 0, 1, 0, 0, 0.00%, 1, 0, 1, 9785.93
1761220128, 987, 0, 1, 0, 0, 0.00%, 1, 0, 1, 9836.75
1761220133, 1189, 0, 1, 0, 0, 0.00%, 1, 0, 1, 10064.03
1761220138, 1392, 0, 1, 0, 0, 0.00%, 1, 0, 1, 10146.36
1761220143, 1594, 0, 1, 0, 0, 0.00%, 1, 0, 1, 10124.30
1761220149, 1794, 0, 1, 0, 0, 0.00%, 1, 0, 1, 9972.45
1761220154, 1986, 0, 1, 0, 0, 0.00%, 1, 0, 1, 9848.91
1761220159, 2188, 0, 1, 0, 0, 0.00%, 1, 0, 1, 9934.20
1761220164, 2391, 0, 1, 0, 0, 0.00%, 1, 0, 1, 10014.31
