# unix_time, cycles_done, cur_path, paths_total, pending_total, pending_favs, map_size, unique_crashes, unique_hangs, max_depth, execs_per_sec
1761219977, 0, 0, 1, 1, 1, 0.01%, 0, 0, 1, 2666.67
1761219982, 93, 1, 2, 0, 0, 0.01%, 0, 0, 2, 8491.67
1761219987, 194, 0, 2, 0, 0, 0.01%, 0, 0, 2, 9719.33
1761219993, 294, 1, 2, 0, 0, 0.01%, 0, 0, 2, 10027.71
1761219998, 394, 1, 2, 0, 0, 0.01%, 0, 0, 2, 10021.17
1761220003, 494, 1, 2, 0, 0, 0.01%, 0, 0, 2, 9997.73
1761220008, 594, 1, 2, 0, 0, 0.01%, 0, 0, 2, 9970.00
1761220013, 694, 1, 2, 0, 0, 0.01%, 0, 0, 2, 10036.44
1761220018, 796, 0, 2, 0, 0, 0.01%, 0, 0, 2, 10132.08
1761220023, 898, 1, 2, 0, 0, 0.01%, 0, 0, 2, 10151.62
1761220028, 999, 1, 2, 0, 0, 0.01%, 0, 0, 2, 10272.54
1761220033, 1100, 1, 2, 0, 0, 0.01%, 0, 0, 2, 10115.94
1761220039, 1202, 0, 2, 0, 0, 0.01%, 0, 0, 2, 10123.86
