# unix_time, cycles_done, cur_path, paths_total, pending_total, pending_favs, map_size, unique_crashes, unique_hangs, max_depth, execs_per_sec
1760601821, 0, 0, 1, 1, 1, 0.00%, 0, 0, 1, 8000.00
1760601826, 207, 0, 1, 0, 0, 0.00%, 1, 0, 1, 9970.11
1760601831, 414, 0, 1, 0, 0, 0.00%, 1, 0, 1, 10397.62
1760601836, 622, 0, 1, 0, 0, 0.00%, 1, 0, 1, 10482.44
1760601841, 829, 0, 1, 0, 0, 0.00%, 1, 0, 1, 10501.56
1760601846, 1034, 0, 1, 0, 0, 0.00%, 1, 0, 1, 10471.11
1760601851, 1241, 0, 1, 0, 0, 0.00%, 1, 0, 1, 10473.60
1760601857, 1450, 0, 1, 0, 0, 0.00%, 1, 0, 1, 10491.69
1760601862, 1658, 0, 1, 0, 0, 0.00%, 1, 0, 1, 10489.67
1760601867, 1864, 0, 1, 0, 0, 0.00%, 1, 0, 1, 10483.94
1760601872, 2071, 0, 1, 0, 0, 0.00%, 1, 0, 1, 10484.34
1760601877, 2284, 0, 1, 0, 0, 0.00%, 1, 0, 1, 10482.51
1760601882, 2491, 0, 1, 0, 0, 0.00%, 1, 0, 1, 10497.12
